# thred SYNCHRONIZED_INTEGERlat SYNCHRONIZED_INTEGERthr Bitonic Testlat Bitonic Testthr Combining treelat Combining treethr ATOMIC_INTEGERlat ATOMIC_INTEGERthr 
2 0.0194141667573012 51.508777713775636 0.005121712622674932 195.24719047546387 0.008646082406305685 115.6593186378479 0.03433468794843468 29.12506446838379 
3 0.022276877665946396 44.88959426879883 0.005253688247340072 190.3424704551697 0.002144507776882563 466.3074719429016 0.033280564160813465 30.047567558288574 
4 0.021355336168229825 46.82670373916626 0.005548872358104986 180.21679639816284 0.0021354852979113045 468.27763271331787 0.029876147626763556 33.47151756286621 
5 0.02057011510300186 48.61421508789063 0.007295578829315569 137.06931600570678 0.0015615195931816745 640.401826763153 0.031496694964078045 31.74936294555664 
6 0.020623926568990307 48.48737201690674 0.007729649545037901 129.3719714164734 8.523229458209451E-4 1173.2642009735107 0.02990119234802819 33.443482398986816 
7 0.02049663129489904 48.78850507736206 0.007715987947995577 129.60103187561035 9.246535070246726E-4 1081.4861917495728 0.03191228251582984 31.335897064208986 
8 0.020753121413833314 48.18552255630493 0.007538605275288754 132.65053195953368 8.384136031962343E-4 1192.7287393569945 0.03405982077595342 29.360107517242433 
9 0.02041000949316845 48.995567607879636 0.007037673019875979 142.0924213409424 8.129460062469196E-4 1230.09399433136 0.033425569956626856 29.917216110229493 
10 0.020830465792649237 48.00660772323609 0.006775895910871896 147.581960105896 6.125038072084953E-4 1632.6429129600524 0.03368015522339483 29.691074562072753 
11 0.020315266912933016 49.22406406402588 0.006780807877577892 147.47505283355713 5.800804795512782E-4 1723.8987265586852 0.034231136101783514 29.213170051574707 
12 0.020778420486686846 48.12685356140137 0.006681325036658095 149.67091026306153 4.7628566650564534E-4 2099.58029460907 0.032475166551926296 30.792759704589844 
13 0.0204539925088298 48.89021053314209 0.00679683004743988 147.12740983963013 4.929608296949663E-4 2028.558740901947 0.03186727166594723 31.380157375335692 
14 0.020620420391049048 48.49561653137207 0.006706704468230625 149.10452737808228 4.976980169047431E-4 2009.2505214691162 0.03249733709280902 30.771752071380615 
15 0.02053775545759666 48.690812492370604 0.0066303886485188715 150.8207215309143 5.065069556110574E-4 1974.306549835205 0.03270520233218694 30.57617530822754 
16 0.02086542631795643 47.926171493530276 0.006766692899204544 147.78267831802367 5.32080924474888E-4 1879.413363647461 0.031930424357591886 31.318093013763427 
17 0.02087652575362852 47.90069055557251 0.006718218519653745 148.84898386001586 5.355342102483179E-4 1867.2943406105042 0.03379587644643522 29.589408683776856 
18 0.022579421952189756 44.28811340332031 0.006763986433730973 147.84181041717528 5.041971476533898E-4 1983.3511646270751 0.032467306375590116 30.80021448135376 
19 0.022232630857855075 44.97893238067627 0.0064376269669640645 155.33674211502074 4.6234160140198855E-4 2162.902920627594 0.03319203624992653 30.12770872116089 
20 0.022697478431874675 44.057757472991945 0.006521618318001459 153.33617382049562 4.5191219579177115E-4 2212.8192363739013 0.03405468474837955 29.364535522460937 
21 0.022497957988948658 44.44847841262818 0.006450518457369771 155.02629852294922 4.2645638578784625E-4 2344.905676937103 0.034778749602100735 28.753190135955812 
22 0.022081866047740855 45.28602781295776 0.0065444391717625824 152.80148134231567 4.079607560259589E-4 2451.216165351868 0.032035533456282 31.21533784866333 
23 0.02187877289540745 45.706402492523196 0.006741596683372779 148.33281297683715 3.80649995698072E-4 2627.0852786064147 0.03467637450120692 28.838078212738036 
24 0.0219889326074496 45.47742347717285 0.006832426415479499 146.3608883857727 3.6984939017496086E-4 2703.803295516968 0.035261559647619935 28.359494304656984 
25 0.02210441382588654 45.239833450317384 0.006614107521535338 151.19197816848754 3.7393290918378186E-4 2674.276522445679 0.034130236725397105 29.299533081054687 
26 0.021663549166653442 46.16048793792724 0.006384414916058661 156.63142404556274 3.8253749961963084E-4 2614.122801017761 0.031658044905292594 31.58754758834839 
27 0.021976558200990214 45.50303058624267 0.006393883710122926 156.39946632385255 3.9975541690142154E-4 2501.529579639435 0.03279840196622756 30.48929033279419 
28 0.02202371607344894 45.4055980682373 0.0063389995067370496 157.75360116958618 3.9005982362352854E-4 2563.709306716919 0.03333612581968776 29.997486972808836 
29 0.02167902199347631 46.127542114257814 0.006235684028332094 160.36733026504515 4.177871951998468E-4 2393.5630662918093 0.032087842034358216 31.164451599121094 
30 0.021611184122490298 46.27233724594116 0.006282893006167957 159.1623475074768 4.169118608966235E-4 2398.58851184845 0.03426479212679923 29.184475898742676 
31 0.02195914750334673 45.539108467102054 0.0063265450662071685 158.0641550064087 4.32828597711609E-4 2310.3833833694457 0.03325005419429433 30.0751389503479 
32 0.021829942496208756 45.808641052246095 0.006309671829495797 158.48684797286987 4.526668310720062E-4 2209.130272769928 0.033562608925537744 29.795061588287354 
